otu_id	KMV_375MS_1	KMV_375MS_2	KMV_375MS_3	KMV_375MS_4	KMV_400FS_1	KMV_400FS_2	KMV_400FS_3	KMV_400FS_4	KMV_404MA_1	KMV_404MA_2	KMV_404MA_3	KMV_404MA_4	KMV_415FS_1	KMV_415FS_2	KMV_415FS_3	KMV_415FS_4	KMV_417FA_1	KMV_417FA_2	KMV_417FA_3	KMV_417FA_4	KMV_446MS_1	KMV_446MS_2	KMV_446MS_3	KMV_446MS_4	KMV_450FA_1	KMV_450FA_2	KMV_450FA_3	KMV_450FA_4	KMV_452MA_1	KMV_452MA_2	KMV_452MA_3	KMV_452MA_4
eca82fb9da6b7e482c86e50ad684b280	9706	4155	8058	6754	2778	3043	3590	4053	199	166	185	196	5327	4070	5518	5331	3155	3025	3051	3451	9366	5163	8034	5632	9519	9685	9572	5663	2996	8439	1591	10680
cbc78f5d6ce16a0b7bc0c4212d7586eb	82	148	142	131	10076	10139	9219	8730	74	0	84	0	0	68	60	72	6721	4346	3475	4841	658	3442	524	3757	75	57	71	0	0	0	75	80
966e84c4b97330ee722e0a6ffad1d02b	39	4152	1795	3170	1356	566	1113	504	0	35	0	0	7491	8238	7487	9009	2318	1195	1546	1623	1143	493	595	531	32	31	0	0	0	0	0	0
0f27204232a0aeb2d3b19d411446eeb1	45	6919	3390	7906	7787	4883	7242	5895	42	0	0	0	44	46	49	53	97	76	79	86	891	6367	1162	77	39	42	41	0	0	0	44	0
0ad262b1cffb7df82b78c4a8e96af84a	0	0	0	69	3219	3816	2728	2860	0	0	0	0	0	0	0	0	993	1932	2523	3148	4791	4722	4168	5772	0	0	0	0	0	0	0	0
4bdc53ecc22f69d5d80ec445f807ccbe	79	0	85	0	81	119	127	81	3737	5953	10438	7560	178	194	450	344	64	248	151	159	1065	394	465	130	612	534	691	418	0	932	1339	711
3a02d98d5c6220ad96b14110cd317629	0	5916	2919	2856	2309	2053	2675	2259	0	0	0	0	68	70	81	69	1570	1260	1206	1260	2802	1192	1587	4366	0	57	0	0	0	0	0	0
30c715713d8b8378f83eaa8dec1e6e68	0	0	0	0	0	0	0	0	0	0	0	0	0	0	0	0	0	0	0	0	0	0	0	0	0	0	0	0	12531	6371	6125	7399
382973d5f654da7f3ec4070a0b931dd6	2855	2471	1718	1881	881	1031	1018	2118	966	167	110	108	710	842	885	1049	1640	1288	1395	1295	118	132	0	130	1136	930	1030	739	212	779	585	761
9dacc386c98b1988a528b35a0981e271	776	148	1867	398	748	1835	1691	727	266	279	559	435	265	318	285	285	112	137	138	122	3093	1858	3608	3214	958	734	1155	720	0	1267	1665	853
24bedb3ed066f20e27f4e0e2627c3811	0	325	480	465	1914	1940	1751	1669	0	0	0	0	0	0	0	0	4134	3211	3808	3213	2324	2434	1508	1004	0	0	0	0	0	0	0	0
72da3c99ac93ca4b430d4533ea59c1a9	456	390	879	0	866	599	778	760	146	247	121	105	199	234	330	822	1007	863	868	1021	121	228	99	247	179	172	214	303	0	4494	4618	6156
6f3267a08211f2c4731590dd9a0536cf	1172	733	652	619	765	681	1033	1511	4587	268	87	94	861	948	1198	996	1330	1059	1294	1001	114	0	0	1068	687	517	650	745	0	380	259	292
03698c11c56be909d79d009434fd7f5a	0	5531	5305	4713	225	205	254	221	0	65	0	0	29	0	0	0	535	1114	723	746	1252	525	690	931	0	0	0	0	0	0	0	0
cfd658051d317c94f0e43f776b42105e	0	0	0	0	0	0	0	0	6709	2957	6061	5157	36	41	0	45	0	0	0	0	273	124	169	245	39	67	40	0	0	0	0	0
6334634ebf5c4492054034834539ebfe	4049	122	0	2362	0	0	0	0	2702	1298	3203	2118	65	0	72	0	0	0	0	0	0	0	0	0	575	1005	566	755	257	395	172	335
d0bf05bec30b91904f10a6327d42136c	1471	170	634	0	0	71	85	112	251	333	245	138	332	232	341	281	99	0	0	0	381	1295	142	1024	2152	1915	2298	1357	0	1347	1658	1182
c80f91700019da82d01963cc80dddc0b	0	0	0	0	0	0	0	0	0	0	0	0	4669	5334	4683	3186	0	0	0	0	0	0	0	0	181	294	257	232	0	0	0	0
e55e8f7f87bb0d1093900f43e30765d0	2763	0	0	0	0	0	0	0	0	0	0	0	0	51	39	66	0	0	0	0	0	90	0	0	655	368	1062	75	3025	2879	2800	3259
20f2c168123a5fda56c0573e99fccf7e	1120	842	1082	612	350	395	396	720	0	0	66	58	116	0	129	146	1515	1619	1322	1722	0	0	0	56	648	527	580	370	329	249	193	214
cf0338a3f45a986c9c9660a8515ff5b0	0	359	539	0	900	867	789	707	0	605	56	0	155	170	191	282	556	705	688	828	1563	734	1187	1983	263	211	272	192	0	0	567	0
eee698d1e94998a124f65d3b4568bb36	0	0	641	189	99	127	178	256	1045	421	590	1055	96	98	137	117	294	457	921	194	0	0	0	0	316	624	371	155	3298	768	2656	188
b005c83603eb4e4cad67aaf35d12f332	1494	1104	680	843	642	772	804	1533	99	0	0	0	236	149	246	163	800	623	666	617	0	0	0	0	685	545	606	574	0	408	275	375
94fc8d5e20ce9e591d64fdc0d9a7ee77	0	131	106	0	85	106	73	85	855	1386	4218	3165	105	106	125	126	249	318	365	163	140	116	106	303	158	128	359	0	795	336	354	0
628df9c4249eed2666143724ccbb3439	117	0	170	0	0	0	0	0	948	1524	2088	1761	0	0	140	109	0	0	0	0	463	213	302	0	841	662	1059	676	0	755	923	444
39e289ccd31e2bf66a836980549d2a2f	580	468	97	0	105	150	122	111	496	202	208	0	502	448	575	587	555	421	469	575	263	478	61	706	454	356	348	340	0	937	761	974
5aaa08a128f7d8722e0cc007d843b8db	0	0	0	0	0	0	0	0	3464	0	0	2390	458	804	682	378	0	0	0	0	0	0	0	719	710	1084	133	652	0	0	0	0
97a8034384dfc8a72da9b8d93b800916	0	0	0	0	0	0	0	0	659	949	190	533	933	1040	851	764	1271	1344	1290	638	0	0	0	117	133	203	176	0	0	0	0	0
0341bd31f05fb3f1fb83cf4f7b620409	0	715	1192	1004	0	0	0	0	0	0	0	0	0	0	0	0	1949	1862	1828	1660	169	121	0	247	0	0	0	0	0	0	0	0
4bb8e6173c00635f715095eaece7c214	395	0	280	550	250	270	386	451	359	2495	104	227	212	236	337	295	351	309	351	357	0	182	0	299	368	349	304	440	0	121	114	0
ca795a3b41719735c904d792bc2d461b	0	0	0	0	0	0	0	0	0	0	0	0	0	0	0	0	2053	1943	2566	2216	303	65	262	598	0	0	0	0	0	0	0	0
1f398eb249acdc18269109c107ab7fb5	0	0	0	0	348	135	157	172	0	0	0	0	1713	1945	1977	2301	0	131	139	86	0	0	0	0	122	101	117	0	0	0	0	0
9774e44bbe52288f55a7b6e079778afc	0	0	0	0	437	431	418	0	0	0	0	0	1109	1064	1048	1194	844	885	847	821	0	0	0	0	0	0	0	0	0	0	0	0
c339035a2bb854df7e0aef52918221da	0	0	0	0	231	305	268	306	0	0	0	0	0	0	0	0	0	0	0	0	3076	519	4058	0	0	0	0	0	0	0	0	0
84457c340342915e207b61ebc03e6b55	0	628	401	0	132	274	153	207	0	0	0	0	129	80	134	123	71	102	45	50	448	125	471	314	0	0	0	0	4760	0	0	0
7da201a2941775518118a30e952220a6	64	62	272	0	0	0	0	0	122	1655	171	327	0	0	0	0	129	101	186	98	363	250	417	225	540	565	580	360	56	688	0	729
13f92b6f3215a530f1c901711a61ae6d	0	0	0	0	0	0	0	0	726	745	713	493	1095	1267	1091	852	0	0	0	0	0	0	0	0	216	263	176	0	0	0	0	0
edcc72a5edd3051399218f2bd2d72a22	475	215	202	155	413	0	0	0	0	0	0	0	86	65	93	78	0	0	0	0	720	1661	340	397	422	407	423	257	0	321	352	279
9289b46d681087bbb9ce92dac5d9aab1	0	425	696	596	0	0	0	0	0	0	0	0	0	0	0	0	1437	1403	1339	1270	0	0	0	0	0	0	0	0	0	0	0	0
46cec313534b7376679350b4666fd5f1	310	0	355	142	245	181	223	280	0	0	0	0	466	312	448	367	701	685	637	747	0	0	0	0	140	109	109	59	0	158	102	135
3be46bb3df82d7615222fc1c194443e1	2192	0	0	0	0	0	0	0	0	0	0	0	0	0	0	0	0	0	0	0	1445	1316	556	1186	0	0	0	0	0	0	0	0
5c41c8d742b6cb7e6b62f8381c02bded	0	0	339	0	0	0	0	0	662	274	487	761	0	0	0	0	82	108	297	0	0	0	0	0	130	298	163	114	1437	319	1224	0
b37286cca2762dc8909b0a9da530d242	0	909	0	1090	1113	700	1063	746	0	0	0	0	0	0	0	0	0	0	0	0	0	1034	0	0	0	0	0	0	0	0	0	0
e4b07003dd335a3f1048a4522ac9180a	546	0	449	299	193	231	242	422	51	0	0	0	0	39	60	51	716	565	594	606	0	0	0	0	265	227	254	177	0	220	134	205
59d30fd56653d56a25351b4910e98c42	529	541	357	448	1381	1268	1103	804	0	0	0	0	0	0	0	0	0	0	0	0	0	0	0	0	0	0	0	0	0	0	0	0
e6a81a52ec255df7bcd973502922b3dd	0	0	0	0	0	0	0	0	0	0	0	0	0	0	0	0	0	0	0	0	1992	1316	1189	1860	0	0	0	0	0	0	0	0
a0b9f6a4666c56732650c50fac4579ec	654	64	85	201	0	0	0	0	327	309	282	502	0	57	0	0	179	267	237	119	0	0	0	0	671	507	601	509	379	176	126	0
89de5a5e6c92603b93b57d99fc701892	384	43	231	0	0	0	0	0	0	0	0	0	65	56	105	68	0	0	0	0	0	103	0	85	619	511	699	310	0	914	1297	756
1f737c95cdf17e10221a5552d0a137d2	0	181	535	0	81	134	104	84	0	718	350	0	155	154	195	210	194	351	432	204	0	0	0	262	143	133	161	108	0	0	896	0
bd693c1ef4f6490c73cce3f15c88528e	170	97	210	201	214	240	252	252	62	0	0	417	134	142	221	142	153	174	170	122	170	146	130	134	188	209	224	152	0	197	0	303
2c25bfc5f991f5777f59c30d75783960	628	0	0	0	0	0	0	0	378	0	0	0	0	0	0	0	0	0	0	0	0	0	0	0	0	0	0	0	757	1618	393	1331
9dc375b5329e9cb246773609a4cffde4	0	0	0	0	0	0	0	0	0	0	0	0	775	1068	1072	1295	0	0	0	0	0	0	0	0	0	0	408	443	0	0	0	0
acee55144b0d2693399bdf1817d49527	0	0	0	0	0	0	0	0	0	0	0	0	0	0	0	0	0	0	0	0	1105	2820	614	373	0	0	0	0	0	0	0	0
8c2bfc29fb4c41565ec0aa9c503cb2ff	430	256	161	108	140	154	160	187	0	0	0	0	254	228	381	312	263	510	406	381	0	0	0	0	0	0	0	150	0	0	0	298
35a1ea52b7ba0cf5b7758f4b6b6c2755	0	0	0	0	1152	1507	1097	962	0	0	0	0	0	0	0	0	0	0	0	0	0	0	0	0	0	0	0	0	0	0	0	0
031a76086a272031f2be9e8732a0c613	246	618	219	496	543	1321	436	320	0	0	0	0	0	0	0	0	128	177	97	88	0	0	0	0	0	0	0	0	0	0	0	0
73222f333ec4703057e5099071b1cb67	158	0	367	73	168	383	358	152	0	0	0	0	57	76	0	72	0	0	0	0	772	419	838	740	0	0	0	0	0	0	0	0
60c4712ec54db703a094577bfd555225	133	66	169	164	197	240	198	223	64	0	0	393	97	98	149	101	169	178	174	124	165	127	136	116	160	173	179	124	0	184	0	240
2c36330f5ce45b67c4a4ceeb1bfca77a	0	0	0	0	450	364	279	251	0	0	0	0	0	0	0	0	0	0	0	0	536	427	483	425	0	0	0	0	0	376	414	357
0ea04fbae644bd2e98c2735d84008388	0	548	0	0	0	0	0	0	0	0	0	0	109	120	85	160	322	609	509	227	0	0	0	395	348	317	476	129	0	0	0	0
732b4beeaacba43a6ecdc7a791c01adb	0	0	0	0	0	0	0	0	1146	1224	1066	878	0	0	0	0	0	0	0	0	0	0	0	0	0	0	0	0	0	0	0	0
5b1ff6a8d479eb03f53221f07ff0fd6b	0	0	0	0	0	0	0	0	0	4301	0	0	0	0	0	0	0	0	0	0	0	0	0	0	0	0	0	0	0	0	0	0
4f5675a741fbf1088ec536fb2459eacf	146	229	0	0	116	203	175	164	869	633	1452	258	0	0	0	0	0	0	0	0	0	0	0	0	0	0	0	0	0	0	0	0
ca886ddb0b2c7623f94e1de490faa3d6	0	369	164	252	99	41	92	0	0	0	0	0	561	632	535	657	298	161	179	201	0	0	0	0	0	0	0	0	0	0	0	0
074e51a62292a68783a0710abfe2046c	0	0	649	0	0	0	0	119	0	0	0	0	0	0	0	0	530	475	477	594	0	0	0	0	104	93	0	169	0	300	307	390
cb125994de07ed814b5265baeeef3f6b	0	0	0	0	0	0	0	0	290	450	1766	1293	0	0	0	0	0	0	0	0	0	0	0	0	0	0	0	0	0	115	121	0
5b6f4f46b865d1fe8b15b425a0d5ec2e	0	0	557	253	0	0	133	244	0	0	0	0	159	145	201	204	0	0	0	0	0	0	0	0	133	135	152	220	0	439	587	414
38439645622700e3d90d677a5e7149e0	0	0	0	0	415	143	333	303	0	0	0	0	0	0	0	0	844	573	622	683	0	0	0	0	0	0	0	0	0	0	0	0
10ff717fb0dc9e5be5e826a0c9155d3f	0	0	0	0	0	0	0	0	0	0	0	0	0	0	0	0	0	0	0	0	0	0	0	0	0	0	0	0	1436	709	950	762
74c6528c103a64f9fed2e8deffc058af	0	0	0	1640	0	0	0	130	0	0	0	0	0	0	0	0	489	558	219	334	0	248	0	152	0	0	0	0	0	0	0	0
8387db055d2ade75e5a5819eeb6b27b6	225	142	147	149	0	0	0	0	0	0	0	0	171	209	267	310	152	260	270	227	341	210	434	227	0	0	0	0	0	0	0	0
ebbb00007aa78f3603a4a10dc4ae1089	770	0	0	0	0	0	0	0	246	207	232	264	0	0	0	0	0	173	155	101	0	0	0	0	419	334	372	246	144	0	0	0
d7a55f862f78c10c09e8d8f16f53195f	439	296	0	320	178	273	323	534	0	0	0	0	54	0	0	0	0	0	0	0	0	0	0	0	321	234	288	129	0	199	0	0
ce2863e103d8ef9d55f7b04d333225cf	0	0	0	0	0	0	0	0	0	0	0	0	0	0	0	0	321	156	272	226	887	616	753	346	0	0	0	0	0	0	0	0
22ff083c7392101b6627dde344d635fa	388	335	178	0	0	48	0	0	0	0	0	0	113	142	151	248	200	146	213	152	0	0	0	0	178	104	222	42	696	0	0	0
d5f6e68a4044f9728d95a585f22bf910	0	437	389	368	0	0	0	0	0	0	0	0	0	0	0	0	611	571	600	560	0	0	0	0	0	0	0	0	0	0	0	0
067c68ff86107f41c83f5573d422ae95	0	0	0	0	0	0	0	0	483	400	452	0	0	0	0	0	0	0	0	0	0	0	0	0	794	740	612	0	0	0	0	0
7ed2641129bc77604ff0bda009adc4d9	0	0	0	0	193	325	251	331	0	0	0	0	365	222	463	674	215	139	157	145	0	0	0	0	0	0	0	0	0	0	0	0
af2f9e64cf5cf7bdacf772ad4190546a	0	0	0	0	0	0	0	0	388	608	1429	613	0	0	0	0	0	0	0	0	0	0	0	0	48	69	0	82	0	0	0	0
798f7b0dba871b968d5b9debd8b55d09	0	0	182	0	0	0	0	0	0	0	0	613	0	0	0	0	0	0	0	0	0	0	0	369	224	0	282	0	0	567	568	406
74c7a26efeac6e7cedb0ab39708fc4c3	456	393	214	383	0	0	0	0	0	0	0	0	0	0	48	0	0	0	0	0	0	0	0	0	0	0	0	0	1011	182	208	276
86e664c94ab730e0d5979eafdb7c958a	312	259	179	181	131	163	112	90	0	0	0	0	0	0	0	0	0	0	0	0	135	95	119	60	0	0	0	0	380	254	367	302
f42a78eebb6f557fe5e7ff07f8bc2431	236	307	195	199	725	578	517	360	0	0	0	0	0	0	0	0	0	0	0	0	0	0	0	0	0	0	0	0	0	0	0	0
8237cb14222e6de3f90cdd0d9fa08a65	0	0	0	0	65	95	185	108	448	320	437	423	173	105	164	183	0	41	102	0	0	0	0	0	40	79	51	42	0	0	0	0
6e848dbd231362c06f752b06dc5cf6f6	0	0	288	376	0	0	0	0	0	0	0	0	248	228	290	216	313	235	437	332	0	0	0	0	0	0	0	0	0	0	0	0
df10e7af9f1d9d4c994b252186b90e7c	0	0	0	0	0	0	0	0	0	0	0	0	0	0	0	0	0	0	0	0	0	0	0	0	0	0	0	0	2873	0	0	0
82685c613eac0d3edf96eb7d077811f6	0	0	0	0	0	0	0	0	0	0	0	0	0	0	0	0	0	0	0	0	970	759	805	328	0	0	0	0	0	0	0	0
41cc928160d04dca845cf52733192aa1	0	0	0	0	0	0	0	0	194	318	1223	834	0	0	0	0	0	0	0	0	0	0	0	0	0	0	0	0	0	87	106	0
21a5d77376cd4177a6c5241caba2f3c2	167	88	0	0	0	0	0	62	309	241	399	283	0	0	0	0	0	0	0	0	0	0	0	0	105	113	79	89	591	73	77	0
b293979a2acc8f0a2ce5c42160cc6235	0	0	0	0	0	306	0	225	0	0	0	0	0	0	0	0	0	0	217	229	380	429	386	402	0	0	0	0	0	0	0	0
f6373eae60eb2c04d04022720cbc0fc1	0	0	0	0	286	250	214	248	0	0	0	0	0	0	0	0	186	164	192	158	0	0	0	0	0	0	0	0	857	0	0	0
312b7d3b6b83388325faa4ce7fcd596b	0	0	0	0	169	143	162	184	0	0	0	0	0	0	0	0	252	140	210	161	389	207	300	229	0	0	0	0	0	0	0	0
0cb802d364c37d03dc98763ba0dcbc29	0	206	0	178	0	0	0	0	0	0	0	0	395	427	403	447	168	91	111	117	0	0	0	0	0	0	0	0	0	0	0	0
2116429fbe577085656d35fb448bd007	0	0	0	0	0	0	0	0	0	0	0	0	122	265	76	141	0	0	0	0	0	0	0	0	304	413	307	285	624	0	0	0
f07a0a1b9b8957e222cd3b0b38936c32	0	0	0	0	0	0	0	0	0	0	0	0	28	0	0	0	418	841	907	174	0	0	0	0	0	0	0	0	0	0	0	0
03b7f2407fee2bda6394f94567b1e313	0	0	0	0	0	0	0	0	189	308	261	172	73	44	63	79	141	245	288	102	0	0	0	0	76	82	89	33	0	0	74	47
0e080c8a58371c853be20bd67f960438	0	0	0	0	0	0	0	0	0	0	0	0	0	0	0	0	0	0	0	0	0	0	0	0	0	0	0	0	0	638	1006	695
b928af1663852b1706d30a98d5081cb2	0	0	0	0	0	0	0	0	704	154	638	728	0	0	0	0	0	0	0	0	0	0	0	0	0	0	0	0	0	0	0	0
4665cc32eb773a97fa824c30f6808dcc	136	0	0	112	59	83	0	0	0	0	0	0	65	61	88	62	0	0	0	0	81	53	77	67	0	0	0	0	254	284	349	335
309082bc2a048238bbbf6a27cdc85ef1	0	0	0	1002	0	0	0	0	0	0	0	0	0	0	0	0	277	306	114	195	0	117	0	76	0	0	0	0	0	0	0	0
8a87f2ff48d9c23610b641973e2fffa3	0	0	0	939	0	0	0	0	0	0	0	0	0	0	0	0	257	284	101	167	0	116	0	66	0	0	0	0	0	0	0	0
d4841197fff8603ce81fbbe34b302ea7	233	0	41	0	0	0	0	0	0	0	0	0	0	0	0	0	0	0	0	0	0	0	0	0	264	224	234	193	286	167	90	145
faaaca3992a2b908ca6999bda753fb73	0	0	0	0	0	0	0	0	0	0	0	0	49	53	0	61	154	261	227	110	0	0	0	0	227	216	361	129	0	0	0	0
2d8876fd4c542304e171be5e243f65ce	0	0	0	0	0	0	0	0	0	0	0	0	0	0	0	0	485	444	463	416	0	0	0	0	0	0	0	0	0	0	0	0
ef6df367d2182306c73216aad25bf89e	0	0	0	0	0	0	0	0	65	320	0	209	0	0	0	0	0	0	0	0	0	0	0	71	104	0	157	44	93	163	351	207
fe98b8f378c63676ae7c9d47eb6523dd	0	0	0	0	0	0	0	0	248	318	0	151	0	0	0	0	311	302	307	140	0	0	0	0	0	0	0	0	0	0	0	0
b44032afd4c8b91a89813a07b977d236	0	0	0	0	0	0	0	0	0	0	0	0	0	0	0	0	453	424	470	425	0	0	0	0	0	0	0	0	0	0	0	0
501de51b7e70a03a43b7fe330fc8a117	999	0	0	0	0	0	0	0	0	0	0	0	0	0	0	0	0	0	0	0	0	0	0	0	73	68	36	107	0	296	0	180
e5785744010ba1b0e1f511addac90ddd	0	0	0	0	0	0	0	62	0	269	0	0	118	0	151	164	50	106	93	54	0	0	0	0	165	121	174	101	0	0	0	0
21abd3142638ac52f751474a68ce206b	0	0	0	0	86	92	84	70	0	0	0	0	0	0	0	0	237	148	221	181	130	141	85	72	0	0	0	0	0	0	0	0
983c3081277e22ed97635885ba4b862d	60	51	52	49	53	48	0	0	64	51	69	54	89	95	77	80	0	133	110	0	0	0	0	0	45	43	55	25	67	50	0	66
380e0c83b3ec1152cc59a3b1051e52c9	0	0	0	0	0	0	0	0	0	0	0	0	308	264	413	475	0	0	0	0	0	0	0	0	0	0	0	0	0	0	0	0
f9a2f14a44d8d21f1dbc6c4d988e3bbd	0	0	0	0	0	0	0	0	0	0	0	0	0	0	0	0	0	0	0	0	373	316	88	649	0	0	0	0	0	0	0	0
8e401411130a847ed3897647d5567a8b	0	0	0	0	0	0	0	0	0	0	0	0	0	0	0	0	184	0	282	631	0	302	0	0	0	0	0	0	0	0	0	0
3a418660a05786a3fcd8e267ef97b4a3	0	0	0	0	134	0	0	0	0	0	0	0	0	0	0	0	0	0	0	0	0	0	1253	0	0	0	0	0	0	0	0	0
66e7c6246c9987647f9e13a4d23c1471	0	0	0	0	0	0	0	0	793	295	299	0	0	0	0	0	0	0	0	0	0	0	0	0	0	0	0	0	0	0	0	0
75e06a7fc45a7fd5875c55536d57aaf0	159	506	0	278	0	0	0	0	0	0	0	0	69	65	121	93	0	0	0	0	0	0	0	0	0	0	0	0	0	0	0	0
52f8b218ea34c39c61998006b992b0bc	0	0	0	0	0	0	0	0	0	0	0	0	0	0	0	0	0	0	0	0	435	527	290	0	0	0	0	0	0	0	0	0
0326c7c10a378184d217b75f1d0fa6fa	0	0	0	0	0	32	0	58	0	0	0	0	75	56	86	74	76	118	129	85	0	0	0	0	109	126	132	74	0	0	0	0
6c796037cc828a12975b8847551ba55f	0	0	0	0	0	0	0	0	0	0	0	0	0	0	0	0	0	0	0	0	0	0	0	0	0	0	0	0	0	327	497	349
5b7824ca5eb09a8a475f133b62e20291	0	0	0	0	0	0	0	0	0	0	0	0	338	213	421	190	0	0	0	0	0	0	0	0	0	0	0	0	0	0	0	0
a8876a3d2793a38c730218483ad26f7b	0	0	0	0	0	0	0	0	0	0	0	0	0	0	0	0	0	129	0	48	0	0	0	0	274	459	85	158	0	0	0	0
5d9c6ddc383e591f8dcbb6d4f73bda03	726	130	94	159	0	0	0	0	0	0	0	0	0	0	0	0	0	0	0	0	0	0	0	0	0	0	0	0	0	0	0	0
178839fb05786c6cad3a735a7345061a	0	0	0	0	0	0	0	0	0	0	0	0	0	0	0	0	0	0	0	0	386	319	307	95	0	0	0	0	0	0	0	0
11310607abe72cef4e15e724a8e1cb09	0	0	0	0	0	0	0	0	275	0	262	515	0	0	0	0	0	0	0	0	0	0	0	0	0	0	0	0	0	0	0	0
79e446a1c24467ad41e6d448786c29e8	0	0	0	0	0	0	0	0	0	0	0	0	723	0	0	315	0	0	0	0	0	0	0	0	0	0	0	0	0	0	0	0
1e3b01e010937593c4c6b307c0905a68	616	0	0	0	0	0	0	0	0	0	0	0	76	109	58	97	0	0	0	0	0	0	0	0	0	0	0	0	0	0	0	0
149a6ae5f00f51c83e3a9692e02b46c1	0	0	0	0	0	0	0	0	0	0	0	0	0	0	0	0	0	0	0	0	415	205	334	0	0	0	0	0	0	0	0	0
d5ee76611e8b13405da2fb0efe1b9af6	86	0	0	0	0	71	0	0	0	0	0	163	0	0	0	0	0	0	0	0	0	0	0	0	89	65	78	0	0	0	398	0
5171e514f677d8a880731699064e8262	0	160	219	201	0	0	0	0	0	0	0	0	0	0	0	0	0	0	0	0	0	0	0	332	0	0	0	0	0	0	0	0
d4acb4cf725e0e0773d19721cbc44c32	0	0	0	0	213	222	231	172	0	0	0	0	0	0	0	0	0	0	0	0	0	65	0	0	0	0	0	0	0	0	0	0
088af919fd79d97111b0277dafb2d77a	0	0	0	0	0	0	0	0	0	0	0	0	0	0	0	0	0	0	0	0	0	0	0	0	0	0	0	0	892	0	0	0
8f4521a70ac7f3a54f552fa5a4bc1f6d	0	0	0	0	0	0	0	0	215	0	213	195	0	0	0	0	0	0	0	0	0	0	0	0	0	0	0	0	237	0	0	0
689b5f0fab5737ab5da48847cfab672a	0	0	0	0	0	0	0	0	0	0	0	0	0	0	0	0	0	0	0	0	367	255	41	185	0	0	0	0	0	0	0	0
f04da9b1117c66ce512c2addf2be084b	0	0	0	0	0	0	0	0	0	0	0	0	0	0	0	0	0	57	62	0	0	0	0	0	181	192	180	163	0	0	0	0
adf9c4aafabd09a07199e7ade86b5f4c	0	0	0	0	0	0	0	0	0	0	0	0	232	165	200	223	0	0	0	0	0	0	0	0	0	0	0	0	0	0	0	0
dfd1820143ae6c981b92dfd5bffefefb	0	0	0	0	0	0	0	0	0	43	0	51	0	0	0	0	0	0	0	0	0	0	0	0	0	0	0	0	723	0	0	0
ff87c3b07981e8d0ffbbde15459e2fae	201	0	0	0	0	0	0	0	0	0	0	0	0	0	0	0	0	82	60	0	0	0	0	0	0	0	0	73	0	0	357	0
35c9b4154bf4443802a3d6f7b8a5a13b	0	0	0	0	0	0	0	0	282	0	215	272	0	0	0	0	0	0	0	0	0	0	0	0	0	0	0	0	0	0	0	0
04d1c9e0e381b9dcc092f167293ef6c2	0	0	0	0	0	0	0	0	0	0	0	0	0	0	0	0	103	162	398	95	0	0	0	0	0	0	0	0	0	0	0	0
1049aba99c67838033a1b70b24c695d8	582	0	0	0	0	0	0	0	0	0	0	0	0	0	0	0	0	0	0	0	0	0	0	176	0	0	0	0	0	0	0	0
753fe378c0f6132423ff163b35927aa5	0	0	0	0	188	200	196	155	0	0	0	0	0	0	0	0	0	0	0	0	0	0	0	0	0	0	0	0	0	0	0	0
854a3b8cca2247ac1a95ce66f95c9ad8	0	0	0	0	0	0	0	0	0	0	0	0	0	0	0	0	0	0	0	0	192	170	42	334	0	0	0	0	0	0	0	0
4b953d425126c6255566a37275d0976d	0	0	0	0	0	0	0	0	109	76	141	89	0	0	0	0	0	0	0	0	0	0	0	0	39	34	0	0	208	0	0	0
29585b562683a756500b475e24032c4b	307	0	0	103	0	0	0	0	125	0	158	0	0	0	0	0	0	0	0	0	0	0	0	0	0	0	0	0	0	0	0	0
b3a80b5b31c4926e10dab8c0614ff460	0	0	0	0	0	0	0	0	0	0	0	0	0	0	0	0	0	0	0	0	0	0	667	0	0	0	0	0	0	0	0	0
495e53a5ccc0d8c698adde1b6f1873a4	0	0	0	0	0	0	0	0	0	0	0	0	0	35	0	0	0	0	0	0	233	125	185	86	0	0	0	0	0	0	0	0
ffa7e2f8167657da5dced897bd9fd297	0	0	0	0	0	0	0	0	0	0	0	0	217	232	210	0	0	0	0	0	0	0	0	0	0	0	0	0	0	0	0	0
a2069268a0e1983cebc506c2038d544f	0	0	0	0	0	0	0	0	0	0	0	0	0	0	0	0	106	246	129	115	0	0	0	0	0	0	0	0	0	0	0	0
fa0bdcd59873bdf64a06b6993ab3ea52	0	0	0	0	0	0	0	0	0	0	0	0	0	0	0	0	0	0	0	0	0	0	0	0	0	0	0	0	104	219	63	198
99fa45e3c72c7ecea620f76248d26256	0	0	0	0	0	0	0	0	114	112	142	65	0	0	0	0	0	0	0	0	0	0	0	0	0	0	0	0	140	0	0	0
e47fcd64e38b8364f44d8b3adbc02bc2	0	0	0	0	0	0	0	0	490	0	0	77	0	0	0	0	0	0	0	0	0	0	0	0	0	0	0	0	0	0	0	0
a72f5439023544b13d6efb92dfb43c3c	0	0	0	0	0	0	0	0	0	0	0	0	0	0	0	0	0	0	0	0	0	0	0	0	0	0	0	0	564	0	0	0
24e8d7b9c52e9a627711bfe6630d1c06	0	0	0	0	0	0	0	0	0	0	0	0	0	0	0	0	102	145	144	140	0	0	0	0	0	0	0	0	0	0	0	0
3f854d7fac598e6bd408bca7ec751b05	0	0	0	0	0	0	0	0	0	0	0	0	0	0	0	0	0	0	0	0	74	49	62	0	0	0	0	0	343	0	0	0
a9d2226cd100feae4a58a7a85d9164a1	0	0	0	0	0	0	0	0	0	0	0	0	0	0	0	0	116	108	124	124	0	0	0	0	0	0	0	0	0	0	0	0
268c626b7a9b08bd506060b31c847d85	0	0	0	0	0	0	0	0	63	133	168	103	0	0	0	0	0	0	0	0	0	0	0	0	0	0	0	0	0	0	0	0
c54eee34f49b17c2cba8b52201853d78	0	0	0	0	0	50	0	0	0	0	0	0	0	0	0	0	0	0	0	0	0	0	0	0	0	0	0	0	0	0	415	0
f50d58b260ba320c03fff038b0b4ea46	0	0	0	0	0	0	0	0	0	0	0	0	0	0	0	0	0	0	0	0	0	0	0	0	0	0	0	0	0	120	199	146
16982445701a04b6ec3cbe8ab36ab696	0	0	0	0	79	98	0	0	0	0	0	0	0	0	0	0	72	60	57	82	0	0	0	0	0	0	0	0	0	0	0	0
1e46cd2f9b8aef72e857b34d402edf6f	0	0	0	0	0	0	0	0	0	128	63	111	0	0	0	0	0	0	0	0	0	0	0	0	0	0	0	0	145	0	0	0
5149f4464bc44402fe047d98b007829f	0	0	0	0	0	0	0	0	0	0	0	0	133	108	0	204	0	0	0	0	0	0	0	0	0	0	0	0	0	0	0	0
5af38976315ba760dd98597f0befddb9	0	0	0	0	0	0	0	0	0	0	0	0	69	133	62	177	0	0	0	0	0	0	0	0	0	0	0	0	0	0	0	0
a83b8d49d2fc61f955fd49fb5da2c7ef	0	0	0	0	0	0	0	0	0	0	0	0	0	0	0	0	0	0	0	0	0	0	0	0	0	0	0	0	436	0	0	0
21580122297c44a1dc8054fe43fef94c	0	0	0	0	0	0	0	0	0	0	0	0	0	0	0	0	0	0	0	0	144	107	124	52	0	0	0	0	0	0	0	0
cf4969a623dbce717102ca6f67b0b0a2	0	0	0	0	0	0	0	0	0	0	0	0	76	54	111	176	0	0	0	0	0	0	0	0	0	0	0	0	0	0	0	0
c9f5cc93e8f2c6f9191191eb3051d146	0	0	0	0	0	0	0	0	0	0	0	0	0	0	0	0	0	0	0	0	0	0	0	382	0	0	0	0	0	0	0	0
29299f2d3046a84b16935c0ee7ff0fdd	0	0	0	0	0	0	0	0	0	0	0	86	0	0	0	0	0	0	0	0	0	0	0	0	0	105	0	0	161	0	0	0
d52fe13640f2f8fd9b1363f6f960e66b	0	0	0	0	0	0	0	0	0	110	153	67	0	0	0	0	0	0	0	0	0	0	0	0	0	0	0	0	0	0	0	0
f74e086afdd1507fb6ac2177d283817c	0	0	0	0	0	0	0	0	110	60	135	0	0	0	0	0	0	0	0	0	0	0	0	0	0	0	0	0	0	0	0	0
085edf53531c58942449b3b0df7e220a	0	0	0	0	0	0	0	0	0	0	0	0	0	0	0	0	0	0	0	0	0	0	0	0	0	0	0	0	268	0	0	0
15258038f7ab36fa560d87ca53ec5cec	0	0	0	0	0	0	0	0	0	0	0	0	0	0	0	0	0	0	0	0	94	74	91	0	0	0	0	0	0	0	0	0
d84709b2e24cfd3ff1832739fe738112	0	0	0	0	0	0	0	0	182	0	0	61	0	0	0	0	0	0	0	0	0	0	0	0	0	0	0	0	0	0	0	0
792a6758c6671fab4c56d947ea4b9d55	0	0	0	0	0	0	0	0	0	0	0	0	0	0	0	0	0	0	0	0	0	0	0	0	0	0	0	0	32	105	0	93
22ab6b66843116b696cd5211f342cf69	0	0	0	0	0	0	0	0	0	0	0	0	0	0	0	0	0	0	0	0	0	0	0	0	0	0	0	0	0	0	223	0
d030cd1d1186b0e26f04378b724c7d45	0	0	0	0	0	0	0	0	0	0	0	0	0	0	0	0	0	0	0	0	0	0	0	0	0	0	0	0	0	72	82	68
085a19e00f13245a486129a7209d80ae	77	83	0	51	0	0	0	0	0	0	0	0	0	0	0	0	0	0	0	0	0	0	0	0	0	0	0	0	0	0	0	0
fe5362c145a06b0655b61f16e68aa796	0	0	0	0	0	0	0	0	0	0	210	0	0	0	0	0	0	0	0	0	0	0	0	0	0	0	0	0	0	0	0	0
08edf8a2dfaf54ace5d99c300f17b90b	0	0	0	0	0	0	0	0	0	0	0	0	0	0	0	0	0	0	0	0	0	0	0	0	64	54	40	49	0	0	0	0
fef50b6f669967c6751fb14077ee89d9	0	0	0	0	0	0	0	0	0	0	0	0	0	0	0	0	0	0	0	0	0	0	0	196	0	0	0	0	0	0	0	0
0731dab1c7bdb8e990a727aa124c413b	0	0	0	0	0	0	0	0	192	0	0	0	0	0	0	0	0	0	0	0	0	0	0	0	0	0	0	0	0	0	0	0
551f9a1c77d6be07ee02606bcb70314a	0	0	0	0	0	0	0	0	0	0	0	0	0	0	0	0	0	0	0	0	0	0	0	0	0	0	0	0	0	192	0	0
9987478160d37923d6a09eded9b9d280	0	0	0	0	0	0	0	0	134	0	0	51	0	0	0	0	0	0	0	0	0	0	0	0	0	0	0	0	0	0	0	0
2e04f7d3100b97871e3b6e28223813ee	0	0	0	0	0	0	0	0	0	0	0	0	0	0	0	0	0	0	0	0	72	112	0	0	0	0	0	0	0	0	0	0
7807d4feab49677af185ac6c3ed2f003	168	0	0	0	0	0	0	0	0	0	0	0	0	0	0	0	0	0	0	0	0	0	0	0	0	0	0	0	0	0	0	0
ae8ac0c3734b98e3793e8bfbaa838602	0	0	0	0	0	0	0	0	0	0	0	0	0	0	0	0	0	0	0	0	0	0	0	0	57	0	98	0	0	0	0	0
1a2c1ef503dcaac90e55c6875aa3c532	0	0	0	0	0	0	0	0	0	0	0	0	0	0	0	0	0	0	0	0	60	47	40	0	0	0	0	0	0	0	0	0
9d0f5986a64baee8e468de4e6a292107	0	0	0	0	0	0	0	0	0	0	0	0	0	0	0	0	0	0	0	0	0	0	0	0	0	0	0	0	146	0	0	0
8b20d5ecc039d5b324b0b6f6e6a3eab2	0	0	0	0	0	0	0	0	0	0	0	0	0	0	0	0	0	0	0	0	0	0	0	141	0	0	0	0	0	0	0	0
d7d303eada48b8336c35d8196d4786c6	0	0	0	0	0	0	0	0	68	0	0	0	0	0	0	0	0	0	0	0	0	0	0	0	0	45	0	0	0	0	0	0
94af128ec34a4a73e51378181701c3f9	105	0	0	0	0	0	0	0	0	0	0	0	0	0	0	0	0	0	0	0	0	0	0	0	0	0	0	0	0	0	0	0
7b843f3313bf51e76aa74a905c55ec93	0	0	0	0	0	0	0	0	0	0	0	0	0	0	0	0	0	0	0	0	0	0	0	0	36	67	0	0	0	0	0	0
9a98def0613ae9afcfb6392b9cbfe333	0	0	0	0	0	0	0	0	0	0	0	0	0	0	0	0	0	0	0	0	0	0	0	103	0	0	0	0	0	0	0	0
b92828415d3d2251b0e26e6e266d2b5e	0	0	0	0	0	0	0	0	91	0	0	0	0	0	0	0	0	0	0	0	0	0	0	0	0	0	0	0	0	0	0	0
3574b0e4f2cfa113c7ceb05398606d19	0	89	0	0	0	0	0	0	0	0	0	0	0	0	0	0	0	0	0	0	0	0	0	0	0	0	0	0	0	0	0	0
121424994603218347c9af9a59340a86	0	0	0	0	0	0	0	0	0	0	0	0	0	0	0	0	0	0	46	42	0	0	0	0	0	0	0	0	0	0	0	0
22f9e2c3bbbde02c930d646d3156f586	0	0	0	0	0	0	0	0	0	0	0	0	0	0	0	0	0	0	0	0	82	0	0	0	0	0	0	0	0	0	0	0
f5a784f47b3e7f747c9bc608c085e790	0	78	0	0	0	0	0	0	0	0	0	0	0	0	0	0	0	0	0	0	0	0	0	0	0	0	0	0	0	0	0	0
609301abbe02199707b55536323a898a	0	0	0	0	0	0	0	0	0	0	0	0	0	0	0	0	0	0	0	0	0	0	0	75	0	0	0	0	0	0	0	0
a15c88800c526efb66179c2356960ba3	0	0	0	0	0	0	0	0	0	0	0	0	0	0	0	0	0	0	0	0	0	0	0	0	0	71	0	0	0	0	0	0
1582c444135c33460163b1efecbb1bcb	0	0	0	0	0	65	0	0	0	0	0	0	0	0	0	0	0	0	0	0	0	0	0	0	0	0	0	0	0	0	0	0
23749659e4bc7f5ca4d7fc20eb181040	0	0	0	0	0	0	0	0	0	0	0	0	0	0	0	0	0	0	0	0	0	0	0	0	0	0	0	0	0	61	0	0
6e472fd4509af11a72c4535dbc6a128b	0	0	0	0	0	0	0	0	0	0	0	59	0	0	0	0	0	0	0	0	0	0	0	0	0	0	0	0	0	0	0	0
d5419e6eb1630c609502e03f4c789070	0	0	0	0	0	0	0	0	0	0	0	0	0	0	0	0	0	0	0	0	0	0	59	0	0	0	0	0	0	0	0	0
0f4507379787a059b47327756dc9281d	0	0	0	0	0	46	0	0	0	0	0	0	0	0	0	0	0	0	0	0	0	0	0	0	0	0	0	0	0	0	0	0
3bbc0f8ca581a1e8cedb6667f04a4d98	0	0	0	0	45	0	0	0	0	0	0	0	0	0	0	0	0	0	0	0	0	0	0	0	0	0	0	0	0	0	0	0
741f34f4993a988fd8c8a6ed53471067	0	0	0	0	0	0	0	0	0	0	0	0	0	34	0	0	0	0	0	0	0	0	0	0	0	0	0	0	0	0	0	0
415a3a37f07021678131dd562b709f44	0	0	0	0	0	0	0	0	0	0	0	0	0	0	0	0	0	0	0	0	0	0	0	0	32	0	0	0	0	0	0	0
42bf400aaae183775b8e82fbe62ae0fe	0	0	0	0	0	0	0	0	0	0	0	0	0	0	0	21	0	0	0	0	0	0	0	0	0	0	0	0	0	0	0	0