	KMV_375MS_1	KMV_375MS_2	KMV_375MS_3	KMV_375MS_4	KMV_400FS_1	KMV_400FS_2	KMV_400FS_3	KMV_400FS_4	KMV_404MA_1	KMV_404MA_2	KMV_404MA_3	KMV_404MA_4	KMV_415FS_1	KMV_415FS_2	KMV_415FS_3	KMV_415FS_4	KMV_417FA_1	KMV_417FA_2	KMV_417FA_3	KMV_417FA_4	KMV_446MS_1	KMV_446MS_2	KMV_446MS_3	KMV_446MS_4	KMV_450FA_1	KMV_450FA_2	KMV_450FA_3	KMV_450FA_4	KMV_452MA_1	KMV_452MA_2	KMV_452MA_3	KMV_452MA_4
Faecalibacterium_prausnitzii	11.43906305	10.25627808	10.84112959	11.17272881	9.785199345	9.845580509	9.987847866	10.16881438	6.290047476	5.508678915	6.418079894	6.106726615	11.47503403	11.16850595	11.15020218	11.19114118	9.799258784	9.586401655	9.41432785	10.06887518	11.29345671	10.72273129	11.24871879	10.829819	11.61298365	11.64171816	11.44229532	11.38382654	10.70891875	11.19387332	8.891157665	11.56506778
Ruminococcus_sp._5139BFAA	9.674923265	9.507328277	8.614337156	9.330104602	8.131883068	8.287187319	8.173186807	9.23367136	8.554588852	5.517154015	5.679515464	5.263862118	8.570893612	8.897770226	8.513125399	8.848266181	8.856809615	8.357127725	8.287818564	8.65704732	5.027240995	5.465308054	0	5.425917932	8.549531372	8.265512998	8.230412419	8.449499083	6.899291973	7.762539663	7.452948223	7.760389281
Ruminococcus_sp._MarseilleP328	7.800281864	5.476686649	8.734035223	7.097773022	7.89669353	9.116898132	8.903335364	7.695573936	6.704053987	6.244869097	8.002070966	7.245340215	7.155423702	7.497952225	6.886699329	6.976652323	5.026525393	5.160741679	4.991740832	5.283007704	9.696195775	9.249789975	10.09452679	10.0211378	8.304381346	7.925313695	8.395140961	8.412030525	0	8.46169974	8.956610953	7.924320755
Blautia_obeum	8.392937346	7.75881107	7.222557274	7.731178695	7.928980471	7.691241317	8.194216922	8.7474348	10.79901257	6.187617564	5.348521929	5.069145007	8.848422318	9.06849881	8.948971872	8.773635711	8.555265166	8.075648818	8.179751327	8.286586495	4.979039439	0	0	8.434466605	7.82646486	7.422186838	7.569085277	8.461131908	0	6.733874943	6.287790742	6.389108778
Parabacteroides_distasonis	3.603171299	10.2552369	8.677433039	10.08217587	8.752223558	7.425806154	8.301476167	7.170118312	0	3.376903234	0	0	11.96672266	12.18545413	11.59027753	11.94785005	9.355083903	8.249348117	8.435642812	8.982035772	8.262978296	7.342245542	7.500955517	7.430549798	3.526859546	3.48855028	0	0	0	0	0	0
Blautia_sp._MarseilleP2398	8.742219601	8.347425965	7.282822244	8.174966614	7.677227759	7.871364313	7.834046364	8.768240662	5.301283164	0	0	0	6.989461216	6.413261965	6.676327294	6.179110631	7.824449382	7.31398794	7.226191656	7.591359528	0	0	0	0	7.822277306	7.497846572	7.468514858	8.086161267	0	6.835514181	6.373195506	6.746216114
Anaerostipes_hadrus	7.382463632	7.115273202	4.527979536	0	5.100649	5.533050393	5.14865005	5.022292231	7.596537034	5.786192491	6.585271405	0	8.072333043	7.99010637	7.893137265	8.013145494	7.299744081	6.752919712	6.724299054	7.490197314	6.158917006	7.297947485	4.283037172	7.839431676	7.232105301	6.887698871	6.674310807	7.33429437	0	8.027844646	7.830502467	8.114958791
Blautia_wexlerae	8.327662761	7.957955556	7.949469864	7.714848598	6.807877922	6.910484502	6.818850763	7.681683139	0	0	4.961195168	4.398967331	5.976496808	0	5.757777343	6.022523493	8.742688319	8.686198319	8.210530505	9.067293879	0	0	0	4.254583106	7.742531052	7.449665899	7.40561507	7.455559857	7.529010835	6.131134663	5.869740337	5.947011566
Dorea_longicatena	0	6.735904399	6.949994315	0	8.162557468	8.03812021	7.806996358	7.655525647	0	7.351252058	4.732402593	0	6.388863624	6.601391831	6.315297808	6.961507422	7.302324723	7.491324093	7.272769899	8.013812208	8.713208115	7.913515831	8.493336183	9.325314172	6.451428042	6.141412947	6.322771621	6.51674069	0	0	7.408121708	0
Blautia_massiliensis	7.037793836	6.854318401	7.651051691	0	8.107197157	7.507097786	7.786832296	7.759315772	5.849924687	6.071577448	5.814457673	5.224292553	6.745552232	7.05829618	7.096539943	8.497325984	8.155132224	7.78159271	7.606120415	8.31503688	5.062363884	6.239988435	4.952927672	6.335932702	5.904040358	5.851205141	5.981652294	7.169168674	0	10.28534192	10.42649891	10.77057114
Blautia_sp._MarseilleP3087	6.832307257	0	6.015889125	7.561522466	6.327592537	6.367132704	6.782282204	7.01099874	7.133022517	9.38857629	5.600218562	6.315703499	6.836023373	7.070482772	7.12660353	7.026017003	6.644039313	6.311546636	6.310761938	6.807451047	0	5.919709346	0	6.6084578	6.931359591	6.859293013	6.481337872	7.704229923	0	5.111607561	5.12717015	0
Blautia_sp._MarseilleP3387	4.560151956	0	4.346259071	0	4.73865812	5.207143337	5.204995321	4.584075213	10.5035264	10.64190251	12.21958825	11.35564986	6.58624638	6.790074474	7.541185107	7.246132974	4.251991446	5.998740754	5.117712116	5.656504908	8.161350248	7.021085768	7.1475215	5.425917932	7.660465107	7.468594493	7.656880425	7.630593393	0	8.020155208	8.642951537	7.662810224
Fusicatenibacter_saccharivorans	8.719889376	5.672425342	7.182442377	0	0	4.488236868	4.644899412	5.034834867	6.621141803	6.497038021	6.819198779	5.609313146	7.478570862	7.046005769	7.143505569	6.956423585	4.854327711	0	0	0	6.687378261	8.730021468	5.45914371	8.373949846	9.469427609	9.305141321	9.385493851	9.324392861	0	8.549790009	8.950545042	8.393279113
Gemmiger_formicilis	0	0	7.198175425	6.034991126	5.018306105	5.298548051	5.680793944	6.202510226	8.667706604	6.831993551	8.079641928	8.517897153	5.708243841	5.817585661	5.84302436	5.708554001	6.391178437	6.870239529	7.691200357	5.938365385	0	0	0	0	6.713522181	7.692125508	6.765766711	6.21165876	10.8473936	7.742117801	9.629260059	5.763363969
Blautia_sp._MC32	7.295849998	0	6.688761506	6.688633221	5.9595607	6.145013864	6.11646662	6.915882769	4.378382375	0	0	0	0	4.526466617	4.683781962	4.545882808	7.665155478	7.173937075	7.062299876	7.565542615	0	0	0	0	6.462233178	6.245421006	6.225270133	6.400718358	0	5.955203175	5.354194898	5.886050992
Butyricicoccus_sp._K4410MGS46	5.632649111	4.884080713	5.608264285	6.122486245	6.106293895	6.199390724	6.174057918	6.180101068	4.647793581	0	0	7.184782576	6.181523936	6.344674772	6.523310153	5.983071071	5.464647992	5.497051418	5.284046799	5.283007704	5.540392496	5.607603766	5.334788469	5.468637197	5.973659608	6.12786845	6.046520645	6.183846016	0	5.798607552	0	6.441833166
Butyricicoccus_sp._N15MGS46	5.286607637	4.351329011	5.302055322	5.83365077	5.988684687	6.199390724	5.831573471	6.006306176	4.691797695	0	0	7.099869939	5.722909676	5.817585661	5.962135221	5.500764618	5.60504323	5.529123318	5.316747914	5.305868914	5.498262838	5.410883688	5.398305548	5.265575677	5.745010823	5.859424149	5.728458281	5.894589	0	5.701947767	0	6.109899525
Ruminococcus_lactaris	6.953760403	6.253499923	5.233908646	5.244044009	5.505136482	5.570208734	5.530149152	5.756615009	0	0	0	0	7.094698037	7.021106307	7.302453157	7.106244799	6.232449682	7.027260502	6.518306563	6.900506382	0	0	0	0	0	0	0	6.165001769	0	0	0	6.418106123
Blautia_provencensis	6.486190031	0	6.353563362	5.629759839	6.298812737	5.798731355	6.000273868	6.330113128	0	0	0	0	7.965389647	7.470624965	7.534793415	7.338908779	7.634762418	7.450038904	7.162401449	7.865894815	0	0	0	0	5.556203508	5.207497308	5.030196487	4.849508373	0	5.486720087	4.971553824	5.295980497
Dorea_formicigenerans	0	5.761160099	6.939335173	0	4.73865812	5.374036384	4.925374389	4.634392844	0	7.596909556	7.329934085	0	6.388863624	6.460330289	6.34482762	6.540164993	5.800251893	6.493235728	6.6069106	6.009724187	0	0	0	6.41996562	5.58614844	5.487532505	5.578598348	5.69886844	0	0	8.065149471	0
Ruminococcus_torques	0	5.304854582	4.650667856	0	4.805653862	5.045027766	4.434781385	4.650782812	8.378988128	8.542184968	10.91281994	10.1002334	5.835159678	5.928864385	5.71318734	5.813497248	6.154611041	6.352452398	6.366490125	5.691648046	5.266912013	5.283392084	5.048412219	6.62743491	5.727203943	5.433505619	6.718774463	0	8.797292204	6.55811063	6.733624045	0
Ruminococcus_sp._DJFVR70k1	5.106735622	0	5.310351702	0	0	0	0	0	8.527525573	8.67877013	9.89914573	9.255470307	0	0	5.873736623	5.608397033	0	0	0	0	6.966118157	6.143151611	6.530320986	0	8.117096238	7.777010198	8.27033912	8.32133252	0	7.717604157	8.107823804	6.987795216
Intestinibacter_bartlettii	4.27063368	4.265683984	5.974724542	0	0	0	0	0	5.595749751	8.797459756	6.305931536	6.836752443	0	0	0	0	5.224552811	4.735225255	5.410626039	4.976026149	6.618250772	6.37120202	6.991508974	6.203091865	7.480843336	7.549558642	7.40561507	7.416259784	5.012007592	7.584203392	0	7.698703682
Clostridium_clostridioforme	7.096248273	6.0052943	5.553401046	5.753691287	7.044699226	0	0	0	0	0	0	0	5.552751191	5.23817248	5.29599336	5.137320236	0	0	0	0	7.598978237	9.088372584	6.699561685	7.013796924	7.127383484	7.079322942	6.95337445	6.933412298	0	6.492937957	6.725527138	6.324207356
Clostridium_disporicum	7.554722705	4.30914194	4.346259071	6.122486245	0	0	0	0	6.999334784	6.390362726	7.020434949	7.450742563	0	5.054049397	0	0	5.686322715	6.10363396	5.752893419	5.248021952	0	0	0	0	7.792619075	7.394174203	7.456629821	7.91345397	7.732090233	5.63907666	5.267623238	0
Bacteroides_dorei	4.611684097	5.476686649	5.057859305	5.515880285	11.64281911	11.58083179	11.34760651	11.27513426	4.893687803	0	5.299159895	0	0	5.301580202	4.683781962	5.025254886	10.88943531	10.10858416	9.601800642	10.55678007	7.469769908	10.13819559	7.318711425	10.24614831	4.682070549	4.307390074	4.435197639	0	0	0	4.54440644	4.56612097
Bacteroides_ovatus	0	10.76570049	9.377565894	9.931835321	9.518752993	9.278575751	9.563888825	9.326503456	0	0	0	0	5.222062096	5.342354866	5.102114558	4.965779225	8.794017094	8.325516635	8.078506616	8.617618228	9.553826501	8.610747164	8.911308983	10.46271362	0	4.307390074	0	0	0	0	0	0
Coprococcus_comes	0	7.536875704	6.52732132	0	5.422171516	6.388094023	5.467036562	5.900626977	0	0	0	0	6.127432221	5.530548044	5.811644043	5.779357377	4.394254056	4.748907974	3.465860752	4.048520762	6.918990991	5.388525755	7.165888214	6.678370397	0	0	0	0	11.37652325	0	0	0
Collinsella_aerofaciens	6.029913618	5.418348713	5.106310584	5.697811728	0	0	0	0	0	0	0	0	6.52897997	6.896584832	6.793398843	7.097034538	5.455402582	6.065870567	5.93769218	6.161576887	6.52900009	6.12297909	7.048712466	6.215686622	0	0	0	0	0	0	0	0
Paeniclostridium_sordellii	10.17847761	5.204858792	0	9.65815719	0	0	0	0	10.03605413	8.447810449	10.51592176	9.521380061	5.158749926	0	4.937430457	0	0	0	0	0	0	0	0	0	7.570954196	8.377055969	7.370574669	8.480313904	7.174878298	6.789213366	5.706557209	6.585090357
Roseburia_faecis	0	0	0	0	0	0	0	0	8.004630495	7.997518719	6.456110001	7.536711016	8.964044604	9.201885649	8.456764835	8.392063278	8.489980968	8.418344935	8.175300203	7.639399208	0	0	0	5.277638819	5.483815777	6.086454864	5.704537863	0	0	0	0	0
Lactobacillus_murinus	4.18249873	4	3.681632188	4.148990228	4.154997969	3.953929227	0	0	4.691797695	3.87580537	5.023310476	4.300930435	5.601183491	5.773539	5.031231445	5.172820976	0	5.119204478	4.676072034	0	0	0	0	0	3.982092922	3.924295468	4.086081068	3.677221009	5.263382586	3.894669744	0	4.30144821
Bacteroides_intestinalis	3.793705805	10.99152185	9.593075578	11.39984352	11.27116823	10.52726296	10.99953554	10.70892435	4.113062664	0	0	0	4.61496147	4.755068722	4.404147707	4.599045362	4.825911902	4.342650038	4.220469603	4.793963155	7.904977909	11.02497401	8.462712446	4.69325282	3.789619441	3.892608895	3.690991483	0	0	0	3.81793402	0
Bacteroides_fragilis	0	10.66867646	10.2384686	10.65390293	6.177583956	5.975328203	6.185305349	5.993511932	0	4.204424212	0	0	4.043646609	0	0	0	7.247137462	8.148431416	7.343905281	7.863970493	8.39397852	7.432433304	7.713565223	8.237021546	0	0	0	0	0	0	0	0
Eubacterium_coprostanoligenes	0	0	0	0	0	0	0	0	6.216640433	6.385742076	6.909683428	5.921199693	5.321773953	4.693364818	4.751495826	5.1551798	5.349589267	5.981458623	6.029329772	5.031942893	0	0	0	0	4.700439718	4.809664213	4.747633069	4.050156675	0	0	4.525876361	3.840921591
Marseillibacter_massiliensis	6.806739646	6.637051012	5.375059206	0	0	3.953929227	0	0	0	0	0	0	5.939302939	6.344674772	5.981064896	6.777738517	5.843418345	5.250045867	5.601871127	5.592866065	0	0	0	0	5.896093356	5.141628629	6.033778214	4.379296621	8.605885842	0	0	0
Clostridium_paraputrificum	0	0	0	0	4.434416555	4.892013933	5.735377409	4.983996478	7.450494067	6.440236483	7.648426156	7.205252195	6.545575062	5.915414968	6.098400543	6.343904688	0	3.51173259	4.57155704	0	0	0	0	0	3.823534849	4.757845144	3.98379377	4.379296621	0	0	0	0
Holdemania_massiliensis	6.495364681	6.270089163	5.382947331	5.973566723	5.411457218	5.650472772	5.028894341	4.730050806	0	0	0	0	0	0	0	0	0	0	0	0	5.215831679	5.003432166	5.210539013	4.349071171	0	0	0	0	7.735873947	6.159412174	6.78517446	6.437118872
Eggerthella_lenta	5.31797249	0	0	5.295151217	4.301461377	4.704205521	0	0	0	0	0	0	5.158749926	5.149046272	5.218351115	4.816654021	0	0	0	0	4.504516535	4.19670608	4.603605011	4.500854743	0	0	0	0	7.158056356	6.31834092	6.713295929	6.585090357
Roseburia_sp._UNKMGS15	6.791923535	3.770518154	5.743076701	0	0	0	0	0	0	0	0	0	5.158749926	5.029289568	5.466877195	4.945396367	0	0	0	0	0	5.116579483	0	4.830599138	7.676792221	7.40544461	7.673405352	7.20189273	0	7.992128859	8.597090919	7.750923067
Roseburia_sp._831b	0	0	0	0	0	0	0	0	8.143803068	7.649896037	8.351908783	7.424793385	9.194599029	9.486279664	8.814281339	8.548900439	0	0	0	0	0	0	0	0	6.170979218	6.455186229	5.704537863	0	0	0	0	0
Clostridium_sp._BGC151	7.78913409	0	0	0	0	0	0	0	6.592410607	5.820836351	6.741257548	6.531008518	0	0	0	0	0	5.488920788	5.154359079	5.018165571	0	0	0	0	7.117164607	6.796472013	6.769614506	6.870829955	6.346992514	0	0	0
Subdoligranulum_variabile	0	0	6.287862058	0	0	0	0	0	8.01115779	6.219126964	7.803976199	8.048142241	0	0	0	0	4.592826001	4.828386213	6.073054389	0	0	0	0	0	5.45164494	6.633503291	5.596039159	5.775408402	9.649875988	6.484021505	8.513738175	0
Blautia_luti	0	0	6.997009239	6.450165802	0	0	5.269827519	6.134210682	0	0	0	0	6.425189	6.374469421	6.388019058	6.498800688	0	0	0	0	0	0	0	0	5.483815777	5.508589202	5.497395385	6.711131226	0	6.940273668	7.457844047	6.887689754
Ruminococcus_bromii	0	7.341420711	0	0	0	0	0	0	0	0	0	0	5.888170823	6.10506904	5.169677503	6.152683841	6.520927543	7.281406417	6.841304127	6.161576887	0	0	0	7.006567094	6.851420297	6.721802604	7.122381586	5.950679685	0	0	0	0
Enterococcus_faecium	5.607484748	4.748587514	0	0	0	0	0	4.216737602	6.918307706	6.036633503	7.517866285	6.630224862	0	0	0	0	0	0	0	0	0	0	0	0	5.151350411	5.258109172	4.582462208	5.425631577	8.370614397	4.40974881	4.580767522	0
Eubacterium_hallii	0	0	0	0	0	3.414778763	0	4.125863474	0	0	0	0	5.359805864	5.029289568	5.186085179	5.063585405	4.487913717	4.951832011	4.897603636	4.777701034	0	0	0	0	5.203798755	5.411315335	5.298692828	5.166139392	0	0	0	0
Coprococcus_catus	0	0	0	0	0	0	0	4.216737602	0	6.192917154	0	0	6.000770465	0	5.981064896	6.187813072	3.916894331	4.802376945	4.444150218	4.15307933	0	0	0	0	5.788589557	5.354298817	5.688367699	5.604116094	0	0	0	0
Turicibacter_sp._LA61	0	0	0	0	0	0	0	0	10.39416308	0	0	9.695464652	7.940508115	8.831288444	8.138394589	7.381255602	0	0	0	0	0	0	0	7.865641369	7.873767877	8.485908942	5.309305532	8.269347251	0	0	0	0
Ruminococcus_sp._N15MGS57	0	0	0	0	0	0	0	0	0	0	0	0	4.764219474	4.952353586	0	4.794034046	5.473834531	6.071326235	5.691876746	5.137666642	0	0	0	0	6.241669609	6.174728095	6.726713571	5.950679685	0	0	0	0
Ruminococcus_sp._DJFVR52	0	0	7.215948439	0	0	0	0	5.119706638	0	0	0	0	0	0	0	0	7.233680518	6.925505491	6.748471541	7.5368416	0	0	0	0	5.137934887	4.985173565	0	6.334800313	0	6.396447977	6.530187294	6.802282672
Ruminococcus_bicirculans	9.627726848	0	0	0	0	0	0	0	0	0	0	0	0	4.898684691	4.092206602	4.903745836	0	0	0	0	0	4.92792622	0	0	7.757960149	6.935130055	8.274407097	5.184968882	10.72280801	9.643557933	9.705338048	9.853741209
Ruminococcus_sp._JC304	0	0	0	0	6.799684307	5.384505079	5.503438244	5.638310574	0	0	0	0	9.839304746	10.10393194	9.670506115	9.979808268	0	5.097978627	5.001831202	4.793963155	0	0	0	0	5.36217455	5.100613803	5.129354889	0	0	0	0	0
Eubacterium_eligens	0	0	0	0	0	0	0	0	4.713306458	6.440236483	0	6.198073157	0	0	0	0	0	0	0	0	0	0	0	4.580918286	5.137934887	0	5.543071161	4.443256343	5.725912845	5.530680217	6.721461579	5.899822133
Roseburia_inulinivorans	0	0	0	0	0	0	0	0	11.34730327	9.633334382	11.43558912	10.80405218	4.338479271	4.595559522	0	4.373522197	0	0	0	0	6.212015375	5.377215498	5.705027041	6.324349193	3.789619441	4.52967263	3.658157517	0	0	0	0	0
Bacteroides_uniformis	0	0	0	4.619038781	9.997541302	10.17182967	9.592156544	9.666362056	0	0	0	0	0	0	0	0	8.135005515	8.940622895	9.140628291	9.936425525	10.32689926	10.59399947	10.30250543	10.86522374	0	0	0	0	0	0	0	0
Bacteroides_thetaiotaomicron	0	6.593775571	6.784176998	7.320716921	9.248481474	9.197034077	8.953534539	8.890597273	0	0	0	0	0	0	0	0	10.18877366	9.672380468	9.733658769	9.965881179	9.284374361	9.638807727	8.837800249	8.345580026	0	0	0	0	0	0	0	0
Bacteroides_stercorirosoris	0	8.06798789	0	8.544558581	8.46805026	7.730751961	8.235379244	7.73261694	0	0	0	0	0	0	0	0	0	0	0	0	0	8.406162924	0	0	0	0	0	0	0	0	0	0
Clostridium_citroniae	7.250511791	7.32298851	6.361569571	7.26732734	8.77851913	8.584834273	8.288496823	7.840147404	0	0	0	0	0	0	0	0	0	0	0	0	0	0	0	0	0	0	0	0	0	0	0	0
Blautia_faecis	5.529245759	0	6.400947417	4.697118355	5.762866806	6.866351937	6.67466571	5.463779495	0	0	0	0	4.9749293	5.458189235	0	5.025254886	0	0	0	0	7.699080857	7.10917749	7.992704709	7.906999322	0	0	0	0	0	0	0	0
Flavonifractor_plautii	0	0	0	0	7.167583707	6.793591281	6.31896445	6.174443965	0	0	0	0	0	0	0	0	0	0	0	0	7.175766579	7.136267526	7.201934712	7.111385074	0	0	0	0	0	6.718752373	6.957539385	6.675927021
Escherichia_coli	6.156760862	7.513843685	5.66758992	7.413262189	7.43689118	8.643759237	6.956505608	6.520515005	0	0	0	0	0	0	0	0	5.213626975	5.521171937	4.502168653	4.825947595	0	0	0	0	0	0	0	0	0	0	0	0
Bacteroides_cellulosilyticus	0	0	0	0	6.215034016	6.540975542	6.261673849	6.456693544	0	0	0	0	0	0	0	0	0	0	0	0	9.688254057	7.415946971	10.26394998	0	0	0	0	0	0	0	0	0
Ruminococcus_sp._CE2	6.983406068	6.460395665	0	6.785641514	5.844789389	6.382882176	6.527769738	7.252971437	0	0	0	0	4.899473124	0	0	0	0	0	0	0	0	0	0	0	6.735956779	6.288668277	6.404232148	5.950679685	0	5.812919836	0	0
Clostridium_sp._FS41	6.097745978	6.512450001	5.503622258	6.108267273	7.851828296	7.455899388	7.200520686	6.68869288	0	0	0	0	0	0	0	0	0	0	0	0	0	0	0	0	0	0	0	0	0	0	0	0
Bacteroides_nordii	0	0	0	0	5.771271597	5.465627418	5.547685575	5.733717514	0	0	0	0	0	0	0	0	6.171647926	5.191128124	5.581831333	5.674183483	6.717069509	6.102520501	6.520838988	6.228172377	0	0	0	0	0	0	0	0
Catenibacterium_mitsuokai	0	0	0	0	0	6.54564732	0	6.018987953	0	0	0	0	0	0	0	0	0	0	5.628165061	6.174056163	6.683623519	7.142961293	6.880972682	7.031714558	0	0	0	0	0	0	0	0
Bacteroides_sp._S11	0	0	0	0	4.821927723	4.847303812	4.628512237	4.382929428	0	0	0	0	0	0	0	0	6.084377374	5.269162286	5.653988337	5.839987155	5.16287619	5.558379403	4.740613578	4.600258688	0	0	0	0	0	0	0	0
Bacteroides_xylanisolvens	0	7.723108793	8.088614906	8.426320634	0	0	0	0	0	0	0	0	0	0	0	0	9.105354456	8.887491252	8.676725635	9.01449242	5.532064412	5.34274278	0	6.335932702	0	0	0	0	0	0	0	0
Clostridium_tertium	5.417854927	6.094931512	0	0	5.240391823	5.961409923	5.656753679	5.571010061	8.402350067	7.416131538	9.375727118	6.498204416	0	0	0	0	0	0	0	0	0	0	0	0	0	0	0	0	0	0	0	0
Parabacteroides_sp._D26	0	6.775174516	5.259842327	6.444517625	5.018306105	3.74232597	4.754676109	0	0	0	0	0	8.232082638	8.484879236	7.789567872	8.175083248	6.410443876	5.387601873	5.356608748	5.988684687	0	0	0	0	0	0	0	0	0	0	0	0